SRR8297750	90	2431	31891
SRR8297751	90	2402	31791
SRR8297752	90	2500	30449
SRR8416228	90	1801	50398
SRR3176544	90	1374	94099
SRR11266795	90	2620	20934
SRR12687648	90	471	121534
SRR1721733	90	426	24153
SRR9332011	90	346	182844
SRR10413987	90	2076	39804
DRR047012	90	1607	28586
SRR6831340	90	1684	56206
SRR6831341	90	1821	53750
SRR6831342	90	1639	61356
SRR8464826	90	1788	65756
SRR11924550	90	1218	70975
SRR11924535	90	1192	64123
SRR5123106	90	277	93027
SRR5123111	90	276	91052
SRR5123113	90	1169	188174
SRR5123115	90	775	242926
SRR5123116	90	304	239259
SRR12135941	90	1465	36678
SRR8090261	90	1796	25415
SRR6202218	90	325	98377
SRR6202251	90	325	94400
SRR6202261	90	1831	22016
SRR6202279	90	1620	29456
SRR6202281	90	1821	23181
SRR11452220	90	835	76889
SRR5311255	90	1035	65688
SRR5311305	90	1166	74354
ERR5690683	90	560	96346
SRR8586092	90	1655	32718
SRR9278451	90	773	8402
SRR6435989	90	1709	17540
SRR6435990	90	1719	17563
SRR6435991	90	1745	17481
SRR6435992	90	1766	17333
SRR13870209	90	1796	10120
SRR3111735	90	2440	17778
SRR5190126	90	925	41640
SRR5190127	90	2639	10387
SRR4119960	90	1196	5511
SRR7471735	90	1491	9504
SRR7609916	90	1383	14167
SRR7609918	90	1268	23845
SRR7609920	90	924	37052
SRR7609923	90	588	102053
ERR2023646	90	1783	17779
ERR2023647	90	1789	17544
ERR2023648	90	1791	18395
ERR1943703	90	1001	16425
ERR5170364	90	1122	14642
SRR4119849	90	1133	10599
SRR8667943	90	712	7433
ERR1466834	90	2592	7332
SRR7007941	90	2639	5690
SRR5813560	90	1035	59150
SRR5813561	90	1077	55133
SRR5813568	90	1145	48766
SRR5813569	90	1175	47210
SRR5813570	90	1160	46749
SRR5813571	90	1117	53238
SRR10504715	90	1495	30002
SRR2070848	90	597	41419
SRR1980663	90	1115	13870
SRR8196490	90	1269	73162
SRR1813038	90	749	12805
SRR1813063	90	505	9854
SRR14596578	90	1812	20232
SRR10426072	90	1945	15085
SRR5197739	90	902	17834
SRR8599832	90	2594	19633
