SRR1611555	90	1566	20204
SRR1611556	90	1590	13878
SRR2131392	90	656	31615
SRR1611557	90	1370	18696
SRR2131235	90	3117	15682
SRR2564755	90	2635	20864
SRR9691423	90	2576	10073
SRR10620231	90	1744	20984
SRR9667736	90	1100	43590
SRR11747693	90	1393	56430
SRR9681687	90	455	42217
SRR2131259	90	2185	31676
SRR11784297	90	2288	23521
SRR11783869	90	2034	28054
SRR7754745	90	998	51051
SRR7754744	90	816	68665
SRR8149062	90	2823	21171
SRR7754743	90	1558	38249
SRR7754742	90	1908	23818
SRR7754749	90	1243	37784
SRR7754748	90	2002	22659
SRR7754747	90	1460	31572
SRR7754746	90	1759	24915
SRR7754750	90	1079	25909
SRR789901	90	1676	20491
SRR5892577	90	1186	18188
SRR5892570	90	1006	19186
SRR786491	90	959	34360
SRR786490	90	1134	19406
SRR3407215	90	2005	23914
SRR777788	90	1268	9918
SRR9162937	90	1891	24603
SRR3407163	90	1929	18759
SRR786492	90	944	25540
SRR4374742	90	1754	13165
SRR5892573	90	918	14253
SRR5892572	90	981	29518
SRR3407164	90	2374	13933
SRR9162936	90	1492	34370
SRR15713750	90	1557	29752
SRR8670231	90	1672	9677
SRR8061632	90	1068	28280
SRR9670663	90	1583	2342
SRR1611554	90	733	33736
SRR9589082	90	2366	2060
SRR1611559	90	700	30829
SRR1797883	90	1306	38754
SRR1695460	90	2018	28257
SRR1695469	90	821	23434
SRR1695461	90	1553	25375
SRR8627696	90	2263	1838
SRR2131253	90	947	18029
SRR5239618	90	538	64487
SRR11674125	90	876	28508
SRR8318357	90	511	63100
SRR5239621	90	597	97238
SRR2057018	90	455	10036
SRR6926338	90	946	14879
SRR11674123	90	1377	34038
SRR6926334	90	847	11623
SRR6926323	90	714	12598
SRR8245857	90	466	38745
SRR11674130	90	1295	20826
SRR3472303	90	624	19345
SRR8318352	90	350	17801
SRR5239619	90	476	93460
SRR8318359	90	591	39993
SRR2057026	90	594	39544
SRR1505121	90	565	107245
SRR1505124	90	1261	51125
SRR8318351	90	313	78142
SRR6926327	90	868	17282
SRR2665508	90	907	48257
SRR8258011	90	667	18618
SRR2004430	90	614	72454
SRR11674132	90	1249	32867
SRR1505141	90	849	54536
SRR8943410	90	2314	6328
SRR8618616	90	1021	35363
ERR1817119	90	1722	12969